-2.4738669676072447

profit: 2.4738669676072447

turbine_x = np.array([896223.62617187, 902768.9098488 , 904412.2622969 , 900916.85500581,
       904412.2622969 , 896220.6061061 , 896220.6061061 , 902074.80114017,
       904204.46283831, 904096.30763755, 903248.30240152, 896725.65192847,
       901561.01191133, 901433.2278695 , 904287.34117472, 904376.64963981,
       902734.60011773, 902097.04792278, 901249.58607094, 901047.88030949,
       900231.69890536, 903602.4558803 , 902394.92468906, 902273.46988937,
       896985.11503212, 899377.84788155, 902404.91858784, 896220.6061061 ,
       896363.59056504, 897333.70957992, 898253.53124208, 903307.76798064,
       896878.13068971, 896536.89155335, 898032.31546963, 899234.43050263,
       900665.78594016, 898872.61887848, 898729.83811781, 898078.85654408,
       898442.24015966, 900394.35278897, 900093.9967887 , 899238.56921922,
       900766.92875505, 899714.76201288, 903482.02134682, 904391.85805691,
       903952.41903521])

turbine_y = np.array([169016.18852251, 171571.6076529 , 168643.16656176, 171571.6076529 ,
       169543.1007305 , 167264.13330376, 164748.87415513, 164628.05970983,
       166533.03903645, 167429.72014494, 166397.04782444, 163988.4933551 ,
       166417.34344663, 169775.41739294, 170414.12911309, 171295.00497087,
       165255.37075655, 170657.49359647, 168883.58417029, 164432.98902595,
       164796.68348603, 169186.79698743, 168343.79027351, 169306.36949523,
       166543.97327436, 171571.6076529 , 166807.21542105, 165667.6526906 ,
       171148.71747271, 171273.9333194 , 171571.6076529 , 170812.90654355,
       168374.87407059, 170252.88623497, 163988.4933551 , 167657.37931873,
       166733.79645998, 165921.86304379, 166889.15368944, 169703.51101744,
       170543.54678471, 169852.83607724, 170760.0279202 , 164999.65598199,
       168087.58181444, 168977.12871738, 164739.6435558 , 164829.46057631,
       165693.14112849])

nturbs = 49
CONVERGED