35.83493960467978

COE: 35.83493960467978

turbine_x = np.array([897008.47438336, 897059.61290095, 897313.93570167, 897412.1027718 ,
       897259.36740843, 898679.74434689, 897513.33438751, 898034.18396605,
       900569.3897285 , 900388.85734913, 899002.98133449, 899521.69261624,
       899814.76324949, 900338.72367306, 899171.23496456, 898441.57124058,
       896221.03930132, 896646.70242194, 903208.97162674, 899879.08406378,
       900870.93675577, 900333.82693169, 899104.22417775, 898698.45362063,
       896998.61870579, 904209.70474746, 903427.9608044 ])

turbine_y = np.array([171021.95797901, 169328.26222208, 170201.63857794, 166732.89585248,
       165847.42915886, 171571.50391596, 164741.91785452, 163988.87999387,
       168896.26468   , 168020.43217699, 164429.38928284, 165260.9611671 ,
       169702.02537101, 170602.28913495, 167838.09669393, 168576.74854882,
       165719.29914154, 163988.49499715, 170112.80826471, 171571.46205414,
       166406.10787632, 167103.36253894, 166766.20015243, 169771.98553909,
       167982.76750578, 165003.93878844, 165657.16918026])

nturbs = 27
zone 20/20
