35.371107013888526

COE: 35.371107013888526

turbine_x = np.array([900369.96410378, 899385.95658586, 899300.49353562, 898833.94484284,
       901998.24371632, 896221.2648834 , 896291.79675359, 896220.61145689,
       902391.3176915 , 902455.40286552, 901325.98704176, 897873.56999121,
       902021.84687656, 904296.96021963, 903390.5936136 , 904176.78245221,
       896967.20908916, 900023.15169695, 903203.11788077, 901558.882983  ,
       899099.53968475, 898507.68653762, 896281.49060961, 896578.34755261,
       904412.22476315, 897906.76486727, 900550.00903711, 896522.43091152,
       896735.51502696, 904203.64590735, 904376.4430899 , 904097.71196478])

turbine_y = np.array([171269.19283085, 171524.11559064, 165181.98888281, 164167.91352809,
       171462.88900867, 167878.34696609, 164760.25064713, 169065.41796397,
       166353.22689674, 167604.38836364, 164516.56074755, 171338.14972412,
       169135.55095823, 164815.2472036 , 164943.60481626, 165696.60370238,
       166893.92488015, 169537.80829086, 171058.76306752, 168034.12974773,
       168896.19603914, 168037.87905867, 165940.17337523, 170146.57293443,
       169226.61761588, 164367.40695377, 166500.82631469, 171019.80287399,
       163988.68233844, 170366.10242069, 171245.06689408, 167431.54336092])

nturbs = 32
