-411.83176130879286

AEP: 411.83176130879286

turbine_x = np.array([902933.45744196, 897112.05307018, 896221.4236856 , 899756.63538928,
       899561.63376045, 900165.58943066, 900639.15217869, 896842.7062628 ,
       899344.03668143, 900531.55737549, 898043.50322754, 897555.15127188,
       898553.08380863, 904150.68193036, 898565.7101539 , 898088.50914086])

turbine_y = np.array([170393.73470156, 167688.24493076, 165774.53465181, 170412.71530483,
       164523.04689367, 171571.56322387, 168143.8849649 , 169737.95147978,
       166226.43516927, 166849.52429361, 163989.18439666, 164872.8403838 ,
       168583.64566837, 165038.13370665, 169590.45973465, 171571.03979284])

nturbs = 16
zone 15/15
