-0.07195970693277008

profit: 0.07195970693277008

turbine_x = np.array([900695.05427316, 896220.6061061 , 903967.33366239, 903850.59846428,
       902211.89044023, 902871.25644487, 896220.6061061 , 904412.2622969 ,
       904412.2622969 , 896573.18924775, 904044.76279389, 904222.52593055,
       904138.73563416, 896828.73260563, 904412.2622969 , 901038.46987127,
       900929.35590013, 901844.70066083, 900125.81760606, 896624.87419138,
       896220.6061061 , 902714.57199355, 902790.86225023, 901634.41032933,
       903779.6506241 , 902422.70721683, 896324.84159823, 896823.35531767,
       897981.1864262 , 902540.22677887, 897510.7772796 , 896787.77203239,
       896465.33980471, 899022.57289429, 899022.57289429, 898576.39796111,
       901070.06302524, 900642.17327023, 898506.03215518, 899082.85518215,
       899574.25099052, 899132.47427685, 900086.86656609, 904412.2622969 ])

turbine_y = np.array([163988.4933551 , 168464.52486639, 163988.4933551 , 170067.45113206,
       164113.64498842, 171571.6076529 , 169490.96406911, 168999.49453621,
       169611.20880306, 165182.24491923, 166442.33562146, 166994.64318411,
       167659.95926383, 164625.66981687, 171372.23930225, 170007.64162415,
       170878.43402375, 167073.20146734, 171571.6076529 , 166105.67788464,
       166566.3286477 , 164570.87816089, 165761.42885217, 168759.88297751,
       168217.94110359, 168660.05193506, 170904.43611432, 171278.24480475,
       171571.6076529 , 170817.17833517, 163988.4933551 , 167610.68746073,
       170281.0872468 , 166117.73301651, 166871.7633178 , 168239.4631772 ,
       166094.47980205, 167444.76331533, 169489.14157033, 170690.49326948,
       164273.12469857, 164715.33673489, 169687.05471883, 165037.86885979])

nturbs = 44
CONVERGED