-0.7214329934131727

profit: 0.7214329934131727

turbine_x = np.array([904364.14073513, 903347.39871299, 902839.02770192, 903855.76972406,
       901822.28567978, 903855.76972406, 900805.54365764, 900297.17264657,
       904364.14073513, 902330.65669085, 901313.91466871, 899280.43062443,
       903347.39871299, 902839.02770192, 898263.68860229, 904364.14073513,
       903855.76972406, 898772.05961336, 901822.28567978, 900297.17264657,
       898772.05961336, 896738.57556907, 904364.14073513, 900805.54365764,
       896230.204558  , 902839.02770192, 901822.28567978, 898263.68860229,
       896230.204558  , 904364.14073513, 903855.76972406, 900805.54365764,
       899788.8016355 , 898263.68860229, 896230.204558  , 902839.02770192,
       902330.65669085, 896230.204558  , 904364.14073513, 901313.91466871,
       899788.8016355 , 896738.57556907, 903347.39871299, 902839.02770192,
       899788.8016355 , 898772.05961336, 896738.57556907, 901822.28567978,
       901313.91466871, 897246.94658015, 896738.57556907, 897246.94658015,
       900297.17264657, 899280.43062443, 899280.43062443, 896230.204558  ,
       897755.31759122, 896230.204558  , 896738.57556907, 896230.204558  ])

turbine_y = np.array([171062.83585498, 171044.53637561, 171325.6491237 , 170182.89865199,
       171307.34964433, 169602.37367645, 171289.05016497, 171570.16291305,
       168740.73595282, 169865.18694517, 170427.41244134, 171551.86343368,
       168722.43647345, 169003.54922154, 171533.56395432, 167579.68600174,
       167860.79874982, 170671.92623069, 168404.72476663, 169248.06301089,
       170091.40125515, 171215.85224749, 166418.63605066, 168386.42528726,
       170916.44002004, 166681.44931937, 167243.67481555, 169211.46405215,
       170335.9150445 , 165257.58609957, 165538.69884766, 167225.37533618,
       167787.60083235, 168630.93907661, 169755.39006896, 165520.39936829,
       165801.51211638, 169174.86509342, 164096.53614849, 165783.21263701,
       166626.55088127, 168313.22736979, 164078.23666912, 164359.34941721,
       166046.02590573, 166608.2514019 , 167732.70239425, 164341.04993784,
       164622.16268593, 166871.06467062, 167152.17741871, 166290.53969508,
       164023.33823102, 164585.56372719, 164005.03875165, 165691.71524017,
       164267.85202037, 165111.19026463, 164249.552541  , 164530.66528909])

nturbs = 60
CONVERGED