-2.8798137084546758

profit: 2.8798137084546758

turbine_x = np.array([896647.42923169, 897799.7527026 , 897409.6400477 , 896742.26727288,
       899576.17502909, 896308.33054359, 898204.58257118, 903210.63034815,
       902770.53292849, 897564.8220098 , 896947.55071137, 899193.37170625,
       898417.46011844, 900226.11380008, 900758.24575373, 899792.5625316 ,
       900384.0123448 , 896836.79266175, 897353.31436327, 898746.05087785,
       899235.67992679, 898608.17167956, 898856.35577362, 898988.49545179,
       899518.36525019, 900703.34752983, 899928.75432417, 904199.26572693,
       903422.15097521, 898106.5850077 , 897368.68533744])

turbine_y = np.array([163989.05178474, 166789.14778413, 165895.44341226, 170969.69843694,
       171490.76753001, 166048.33282819, 171380.43214061, 170111.67218483,
       170910.57506266, 167653.11357627, 168434.10960518, 167840.20820073,
       168622.96897356, 166319.91505273, 167202.54157726, 169706.70444635,
       170597.66715615, 169328.14711289, 170208.86255689, 166144.47612013,
       166965.76228381, 169482.79657013, 170411.97283486, 164342.75821688,
       165294.49966776, 168083.97218291, 168816.33827823, 164989.32348217,
       165674.2101722 , 163988.4933551 , 164961.2351947 ])

nturbs = 31
CONVERGED