0.2844483911844529

profit: -0.2844483911844529

turbine_x = np.array([896223.62617187, 902768.9098488 , 904412.2622969 , 900916.85500581,
       904412.2622969 , 896220.6061061 , 896220.6061061 , 904204.46283831,
       904096.30763755, 896725.65192847, 904287.34117472, 904376.64963981,
       902734.60011773, 902097.04792278, 901249.58607094, 901047.88030949,
       900231.69890536, 902394.92468906, 902404.91858784, 896220.6061061 ,
       896363.59056504, 898253.53124208, 896878.13068971, 896536.89155335,
       898032.31546963, 899234.43050263, 900665.78594016, 898872.61887848,
       898078.85654408, 900394.35278897, 900093.9967887 , 899714.76201288,
       904391.85805691, 903952.41903521])

turbine_y = np.array([169016.18852251, 171571.6076529 , 168643.16656176, 171571.6076529 ,
       169543.1007305 , 167264.13330376, 164748.87415513, 166533.03903645,
       167429.72014494, 163988.4933551 , 170414.12911309, 171295.00497087,
       165255.37075655, 170657.49359647, 168883.58417029, 164432.98902595,
       164796.68348603, 168343.79027351, 166807.21542105, 165667.6526906 ,
       171148.71747271, 171571.6076529 , 168374.87407059, 170252.88623497,
       163988.4933551 , 167657.37931873, 166733.79645998, 165921.86304379,
       169703.51101744, 169852.83607724, 170760.0279202 , 168977.12871738,
       164829.46057631, 165693.14112849])

nturbs = 34
CONVERGED