-411.75520429599607

AEP: 411.75520429599607

turbine_x = np.array([899641.83479656, 896220.6061061 , 903143.41210153, 898088.28403347,
       899070.7812942 , 897007.20159886, 900812.53455382, 900390.98323832,
       897106.71258076, 899017.2114712 , 898909.3191176 , 899548.93458102,
       900601.90582717, 898045.1704209 , 897427.36409807, 904139.49247947])

turbine_y = np.array([171409.04162209, 165774.17806022, 170202.07284127, 171571.6076529 ,
       168002.77871994, 168386.59414416, 166461.52919312, 169865.95022216,
       170122.79893013, 166566.18035271, 169578.46701284, 164521.48113602,
       168439.89121356, 163988.4933551 , 164976.67282272, 165035.9454145 ])

nturbs = 16
turbs_per_zone = [1 1 1 1 1 1 1 1 1 1 1 1 1 2 1]
zone 15/15
CONVERGED