-0.09257539688688889

profit: 0.09257539688688889

turbine_x = np.array([901914.28743763, 904412.2622969 , 896220.6061061 , 902011.37673304,
       904136.07358013, 904001.54082664, 903253.92830705, 896220.6061061 ,
       902651.99384684, 902065.87662336, 904390.72989227, 904160.70821103,
       903873.46409014, 900346.00151026, 900267.43753653, 902111.25000365,
       902324.59548389, 900105.72598471, 896435.97045847, 896220.6061061 ,
       896220.6061061 , 898195.83453906, 897908.93583356, 903344.10702743,
       903212.71202142, 897101.41090605, 896816.20150773, 900619.09896812,
       898778.87768595, 896703.85520887, 899017.97042852, 899020.57804408,
       898610.31912701, 898144.22872162, 900302.87611676, 897617.63595671,
       897957.28853486, 900833.37067816, 900698.17614833, 904348.31496139,
       903607.64729771])

turbine_y = np.array([171571.6076529 , 169195.80940726, 164815.30911265, 164689.99195235,
       166587.82370242, 167700.64222075, 167598.56632936, 163988.4933551 ,
       165286.79249256, 170284.69719572, 170661.58094199, 171208.05018573,
       168766.55249265, 164406.08861216, 165017.91751902, 168657.42884736,
       166967.65798034, 171571.6076529 , 171097.34225535, 165594.83056689,
       166282.38126966, 171035.58686932, 171571.6076529 , 170020.96222714,
       171049.53034511, 168031.7361204 , 168540.81534679, 166630.54217233,
       167731.22031067, 169411.31771326, 166439.04696708, 167102.57091852,
       169358.94156258, 170354.12084403, 170141.68241012, 163988.4933551 ,
       165203.53523178, 167923.76801242, 169003.35719814, 164892.71285836,
       165923.43193591])

nturbs = 41
CONVERGED