-0.13320920795987173

profit: 0.13320920795987173

turbine_x = np.array([901957.48391008, 904412.2622969 , 896220.6061061 , 896220.6061061 ,
       901737.5800454 , 901871.95619648, 904030.88628599, 903135.53542273,
       904412.2622969 , 904350.82415855, 902096.24083076, 901044.94593954,
       899408.33397237, 896220.6061061 , 896397.44775303, 903240.18421255,
       896776.26911591, 896627.8632021 , 899018.77584889, 898974.41908285,
       898302.2044307 , 897310.6325846 , 899414.88677237, 900313.20109668,
       904368.8464735 ])

turbine_y = np.array([171551.02476042, 169093.06642624, 167294.60131182, 164780.54387385,
       167140.20288657, 165671.19911797, 167737.41103485, 166431.11747909,
       170185.15163469, 171257.95382287, 170459.42200751, 164689.84708036,
       171571.6076529 , 166224.43644592, 171126.28278128, 171098.05476885,
       168521.97352667, 169752.41842738, 166400.72428395, 169597.83704224,
       163988.4933551 , 164160.7920857 , 164241.53128864, 168597.14291375,
       164856.58742999])

nturbs = 25
CONVERGED