-10.440861075336963

profit: 10.440861075336963

turbine_x = np.array([899731.17671144, 896305.05094767, 902841.700227  , 898229.25563485,
       898948.02047308, 897007.20159886, 900368.49283118, 899913.61301649,
       897259.34198047, 898857.60292195, 898346.58947442, 899559.72029155,
       900041.92066919, 898045.1704209 , 897427.36409807, 904112.09812359])

turbine_y = np.array([171515.79583989, 166354.21656826, 170372.90913535, 171571.6076529 ,
       168239.44467055, 168386.59414416, 166558.38788585, 170351.62655794,
       169874.76452175, 166901.00650201, 170187.25412923, 164547.15554363,
       168649.71273853, 163988.4933551 , 164976.67282272, 165349.34288287])

nturbs = 16
CONVERGED