-21.23608416250112

profit: 21.23608416250112

turbine_x = np.array([901957.48391008, 904412.2622969 , 896220.6061061 , 896220.6061061 ,
       902050.85694787, 901737.5800454 , 901871.95619648, 904172.01146482,
       904030.88628599, 903135.53542273, 902985.62473093, 901073.84214924,
       904412.2622969 , 904350.82415855, 902096.24083076, 901376.49480085,
       901248.61603736, 897122.59269694, 898048.29803244, 901044.94593954,
       900192.55590715, 902248.81113304, 897144.82587506, 903160.12926053,
       899408.33397237, 900426.9292476 , 896220.6061061 , 896397.44775303,
       897394.45805101, 898388.83491183, 903380.79723246, 903240.18421255,
       897490.92228354, 896776.26911591, 901003.30219384, 900035.99905341,
       900708.76113516, 898587.29629025, 899260.9563294 , 898264.41595156,
       896627.8632021 , 897523.78451515, 899018.77584889, 898974.41908285,
       898622.80659131, 898302.2044307 , 897310.6325846 , 898107.29601926,
       900276.32312065, 899892.29090569, 899414.88677237, 900313.20109668,
       903348.49739654, 904368.8464735 ])

turbine_y = np.array([171551.02476042, 169093.06642624, 167294.60131182, 164780.54387385,
       164654.43461141, 167140.20288657, 165671.19911797, 166559.03489756,
       167737.41103485, 166431.11747909, 167598.9870349 , 170513.49467816,
       170185.15163469, 171257.95382287, 170459.42200751, 168129.36772989,
       169145.63376767, 165677.06259838, 166136.11220315, 164689.84708036,
       165424.13132629, 169259.89777388, 166758.14626199, 168647.52315993,
       171571.6076529 , 171567.54037257, 166224.43644592, 171126.28278128,
       171245.70982862, 171571.6076529 , 170011.60813286, 171098.05476885,
       167704.20016598, 168521.97352667, 166187.15677144, 166578.19780157,
       167354.19936008, 167695.83174559, 168567.96452918, 168710.38079782,
       169752.41842738, 170210.22717222, 166400.72428395, 169597.83704224,
       170537.62533946, 163988.4933551 , 164160.7920857 , 165114.27146517,
       169643.5453209 , 170665.50840769, 164241.53128864, 168597.14291375,
       164743.65517884, 164856.58742999])

nturbs = 54
CONVERGED