-3.0445560931004247

profit: 3.0445560931004247

turbine_x = np.array([898845.50428985, 898472.51309194, 897180.6094246 , 897705.12310499,
       900403.89368325, 900008.45243047, 897090.23342428, 898742.39873669,
       899136.25167245, 899080.03469244, 900462.04143326, 903810.6314192 ])

turbine_y = np.array([168065.1323123 , 171571.6076529 , 168202.76755493, 164646.43890264,
       166569.90480583, 169946.81210422, 169734.79419972, 169710.6270375 ,
       166672.55766324, 165040.17963706, 168332.48169186, 165245.11664454])

nturbs = 12
CONVERGED