27.53943854915294

COE: 27.53943854915294

turbine_x = np.array([901957.48391008, 904412.2622969 , 896220.6061061 , 896220.6061061 ,
       902050.85694787, 901871.95619648, 904172.01146482, 904030.88628599,
       904412.2622969 , 904350.82415855, 902096.24083076, 898048.29803244,
       900192.55590715, 896220.6061061 , 896397.44775303, 898388.83491183,
       896776.26911591, 900708.76113516, 896627.8632021 , 898622.80659131,
       898302.2044307 , 897310.6325846 , 900313.20109668, 904368.8464735 ])

turbine_y = np.array([171551.02476042, 169093.06642624, 167294.60131182, 164780.54387385,
       164654.43461141, 165671.19911797, 166559.03489756, 167737.41103485,
       170185.15163469, 171257.95382287, 170459.42200751, 166136.11220315,
       165424.13132629, 166224.43644592, 171126.28278128, 171571.6076529 ,
       168521.97352667, 167354.19936008, 169752.41842738, 170537.62533946,
       163988.4933551 , 164160.7920857 , 168597.14291375, 164856.58742999])

nturbs = 24
run time: 16600.435898542404
function calls: 92556
FINISHED