46.654425349081926

COE: 46.654425349081926

turbine_x = np.array([901914.28743763, 904412.2622969 , 896220.6061061 , 896220.6061061 ,
       902011.37673304, 901912.22903662, 901801.253792  , 904001.54082664,
       903342.41459516, 896220.6061061 , 904390.72989227, 904160.70821103,
       900267.43753653, 902218.50466334, 903064.73016852, 900105.72598471,
       897019.02087003, 896220.6061061 , 898490.48440361, 903344.10702743,
       902610.99131578, 897512.95631785, 896816.20150773, 900049.0112164 ,
       898905.46934085, 896703.85520887, 896603.60613196, 898521.82593934,
       898138.27368292, 900629.61515539, 900489.1844236 , 897932.14778049,
       898849.52217263, 899048.15071793, 900527.23201907, 904348.31496139,
       903912.37273357, 904229.50318832])

turbine_y = np.array([171571.6076529 , 169195.80940726, 164815.30911265, 167595.5556563 ,
       164689.99195235, 165465.77929453, 166340.77430672, 167700.64222075,
       166475.20172489, 163988.4933551 , 170661.58094199, 171208.05018573,
       165017.91751902, 169232.34141079, 168753.65784008, 171571.6076529 ,
       171170.30567722, 166282.38126966, 171571.6076529 , 170020.96222714,
       171014.39653658, 167620.79689974, 168540.81534679, 166743.57704821,
       168809.92623121, 169411.31771326, 170240.36491721, 166782.39447576,
       169741.63519961, 169619.2256182 , 170743.60608567, 164602.24072914,
       164201.73747954, 165369.32355998, 168441.03946458, 164892.71285836,
       165351.2340582 , 165847.14950801])

nturbs = 38
