35.36206315447323

COE: 35.36206315447323

turbine_x = np.array([902768.9098488 , 904412.2622969 , 900916.85500581, 896220.6061061 ,
       896220.6061061 , 904204.46283831, 904096.30763755, 896725.65192847,
       901561.01191133, 901433.2278695 , 904287.34117472, 904376.64963981,
       902734.60011773, 901047.88030949, 900231.69890536, 903602.4558803 ,
       896985.11503212, 896220.6061061 , 896363.59056504, 898253.53124208,
       902967.9822219 , 896878.13068971, 897109.63673156, 897527.69867331,
       898032.31546963, 898207.94667688, 899234.43050263, 900073.86228741,
       899117.34380201, 900766.92875505, 904391.85805691, 903952.41903521])

turbine_y = np.array([171571.6076529 , 168643.16656176, 171571.6076529 , 167264.13330376,
       164748.87415513, 166533.03903645, 167429.72014494, 163988.4933551 ,
       166417.34344663, 169775.41739294, 170414.12911309, 171295.00497087,
       165255.37075655, 164432.98902595, 164796.68348603, 169186.79698743,
       166543.97327436, 165667.6526906 , 171148.71747271, 171571.6076529 ,
       169985.92094722, 168374.87407059, 169590.10520074, 170419.3402095 ,
       163988.4933551 , 165125.2087555 , 167657.37931873, 166033.08218186,
       169910.07705602, 168087.58181444, 164829.46057631, 165693.14112849])

nturbs = 32
run time: 33705.914239645004
function calls: 147980
FINISHED