46.54019761891057

COE: 46.54019761891057

turbine_x = np.array([903639.68903911, 900695.05427316, 904409.96104157, 903967.33366239,
       900848.69401947, 902211.89044023, 902871.25644487, 896220.6061061 ,
       904411.98577667, 904412.2622969 , 896220.6061061 , 896573.18924775,
       904044.76279389, 896220.6061061 , 902910.48466492, 904412.2622969 ,
       896220.6061061 , 902806.78799967, 900851.10811268, 896871.00988643,
       903779.6506241 , 902345.3922029 , 902613.61501663, 896324.84159823,
       896823.35531767, 897981.1864262 , 902540.22677887, 897723.60770786,
       896772.05621001, 897001.08239714, 898512.97571992, 898481.51594627,
       898576.39796111, 900176.87884468, 899082.85518215, 899021.16957504,
       900432.49475529, 900652.60434268, 900196.50074685, 904307.78008083])

turbine_y = np.array([171276.33367605, 163988.4933551 , 164375.22374009, 163988.4933551 ,
       171571.6076529 , 164113.64498842, 171571.6076529 , 169490.96406911,
       168214.7080727 , 169611.20880306, 167844.23908166, 165182.24491923,
       166442.33562146, 163988.4933551 , 167364.37899275, 170703.24803536,
       165676.84985773, 165158.48993079, 165420.42305637, 166950.71686083,
       168847.55301904, 169276.5294417 , 166359.63620717, 170904.43611432,
       171278.24480475, 171571.6076529 , 170817.17833517, 164549.13332766,
       168667.74364698, 169960.11570747, 165798.91086439, 167162.85811251,
       168239.4631772 , 166733.4439923 , 170690.49326948, 164090.46395699,
       170241.724398  , 168102.77916824, 169073.87563312, 165817.30068551])

nturbs = 40
