0.21357792784621288

profit: -0.21357792784621288

turbine_x = np.array([898687.88862146, 898472.51309194, 897180.6094246 , 897842.61488363,
       900644.59631714, 900145.15468156, 897153.22417455, 898742.39873669,
       899015.22675314, 899372.17852889, 900448.55461395, 903975.02382934])

turbine_y = np.array([168062.97531108, 171571.6076529 , 168202.76755493, 164058.84379224,
       166585.09797525, 170349.02677854, 169974.86441667, 169710.6270375 ,
       166387.6041079 , 164634.30716458, 168437.00210973, 165165.40592939])

nturbs = 12
CONVERGED