-2.0914015429499595

profit: 2.0914015429499595

turbine_x = np.array([901721.91594241, 904412.2622969 , 896220.6061061 , 896220.6061061 ,
       902050.85694787, 901486.96358748, 901690.32322209, 904161.9068368 ,
       904030.88628599, 903134.47638659, 901368.51005964, 902699.35268496,
       904412.2622969 , 904124.23977307, 897122.59269694, 901044.94593954,
       900192.55590715, 902187.11607967, 902248.81113304, 903160.12926053,
       899457.72095952, 900426.9292476 , 896220.6061061 , 896438.42399714,
       897394.45805101, 898388.83491183, 902937.10195   , 903109.35214321,
       896784.9302459 , 900509.51473927, 898981.70427211, 899178.98095296,
       896746.65149293, 899360.75045939, 899087.16400174, 898107.29601926,
       897252.90054687, 900279.81343461, 899231.21596881, 900119.85284921,
       903796.88161048, 904286.10625805])

turbine_y = np.array([171519.14434726, 169093.06642624, 167294.60131182, 164780.54387385,
       164654.43461141, 167246.45700723, 165696.53534471, 166681.50032045,
       167737.41103485, 166581.31668755, 170051.7860407 , 165449.87282844,
       170185.15163469, 171237.21349176, 165677.06259838, 164689.84708036,
       165424.13132629, 168208.78303373, 169259.89777388, 168647.52315993,
       171177.08227713, 171567.54037257, 166224.43644592, 170779.95125789,
       171245.70982862, 171571.6076529 , 170008.23361632, 171062.41694202,
       168570.69036161, 166400.31767471, 167652.80709243, 168878.24477816,
       169744.86278472, 165999.75836673, 169907.57461398, 163988.4933551 ,
       164625.88167595, 170461.94913928, 164217.09229193, 168438.68441279,
       164770.48911047, 165663.63541941])

nturbs = 42
CONVERGED