-5.7611499341804535

profit: 5.7611499341804535

turbine_x = np.array([896220.6061061 , 902768.9098488 , 904412.2622969 , 900916.85500581,
       901837.6301993 , 904412.2622969 , 896220.6061061 , 896653.6175746 ,
       902074.80114017, 901650.23846015, 903874.3473043 , 903926.99609715,
       902952.6167878 , 896480.13911333, 901558.73162923, 901722.16961645,
       901246.80139303, 904412.2622969 , 902734.60011773, 898047.49377548,
       897048.87332514, 902154.18916786, 901444.76405447, 901047.88030949,
       900212.52179459, 903602.4558803 , 902374.35242405, 897095.41318588,
       899431.38789299, 902404.87281925, 896220.6061061 , 896410.81805136,
       897420.88159274, 898253.53124208, 903393.12947904, 902662.24171249,
       897604.6771564 , 896878.13068971, 897686.92527776, 896676.19005079,
       897529.98628033, 897437.87474218, 898345.60708415, 897875.66966236,
       899388.01272881, 899246.46876669, 900065.14125453, 900823.12763527,
       899615.67470304, 899019.94836266, 898296.25238471, 899117.34380201,
       898442.24015966, 900227.0919795 , 900396.92736227, 899387.17489623,
       899238.56921922, 900312.53172852, 904412.2622969 , 903639.96983966,
       904279.58977217])

turbine_y = np.array([168990.85531312, 171571.6076529 , 168643.16656176, 171571.6076529 ,
       171509.72730436, 169543.1007305 , 167264.13330376, 165027.68105231,
       164628.05970983, 165727.3069398 , 166781.83881349, 167673.19218761,
       167574.59719713, 163988.4933551 , 166625.71644027, 167504.32789908,
       170524.73438039, 170700.79294728, 165255.37075655, 165950.5616327 ,
       166036.23443905, 169754.26423227, 168721.66414859, 164432.98902595,
       164946.29654167, 169186.79698743, 168501.97445888, 166910.30163193,
       171143.90605876, 166329.97654459, 166376.79660886, 170756.16065793,
       171278.5938535 , 171571.6076529 , 170156.45358449, 170666.22799073,
       167687.12640275, 168202.37235195, 168719.87750787, 169745.8329409 ,
       170401.34237024, 163988.4933551 , 163988.4933551 , 164801.80668322,
       167818.46548138, 168917.17106399, 166903.91634718, 167398.49325315,
       166018.03867708, 166720.32120984, 169413.49261165, 169910.07705602,
       170543.54678471, 169590.49139306, 170800.02219592, 164303.03153183,
       165172.60903837, 168603.87690836, 164858.76965162, 165353.34273533,
       165960.86288567])

nturbs = 61
CONVERGED