36.92800080484182

COE: 36.92800080484182

turbine_x = np.array([900144.72129871, 897472.69096029, 896781.56246567, 896945.6444486 ,
       897613.35994575, 899950.23591748, 900220.941391  , 903173.48694518,
       896653.24179699, 898624.2834006 , 898584.52634603, 900739.00767048,
       900259.50580487, 898409.50548056, 897374.42294081, 896941.09362213,
       904209.905286  , 903502.40378923, 898937.13032413, 899600.12597541,
       896220.6566142 , 898183.85095685, 897387.62612101, 898105.51372556,
       900023.64389914, 900441.46450408, 899391.61215929, 898825.6864812 ])

turbine_y = np.array([171499.8395459 , 165874.81307778, 169786.31940158, 168432.8146686 ,
       167632.82142893, 169728.99507942, 170583.73362363, 170393.72800848,
       163988.4957154 , 170379.30040831, 169479.98057361, 167163.86590827,
       166338.29074161, 168621.27378523, 166744.31204684, 171035.73754094,
       165006.82476351, 165701.37100081, 165228.19579561, 164489.09200234,
       166307.4159794 , 171571.19078608, 164869.78253512, 163989.34470011,
       168035.23946968, 168874.3363593 , 166185.17799178, 166884.22783627 ])

nturbs = 28
CONVERGED