0.5154437879047469

profit: -0.5154437879047469

turbine_x = np.array([896646.69634261, 897256.59499156, 897257.75443844, 900008.51774977,
       896220.6061061 , 898507.97322437, 903210.63034815, 902770.53292849,
       897529.05001591, 896947.55071137, 899058.41650184, 899059.64035495,
       900384.52102208, 900758.24575373, 900458.27885774, 897231.28876115,
       896743.48637593, 898542.31142815, 898988.49545179, 899240.19625557,
       900600.35396375, 903550.83778741, 903680.81891359, 898106.5850077 ,
       897535.56730869])

turbine_y = np.array([163988.4933551 , 165875.36295466, 171075.58255943, 171571.6076529 ,
       166414.44330052, 171571.6076529 , 170111.67218483, 170910.57506266,
       167730.76965847, 168434.10960518, 167821.36635836, 168705.18577972,
       166360.14854593, 167202.54157726, 169840.92976912, 169328.97610341,
       170099.9769458 , 170362.94301847, 164342.75821688, 165270.38149375,
       168889.34305683, 164919.30038924, 165809.71844143, 163988.4933551 ,
       164681.59094826])

nturbs = 25
CONVERGED