-0.6588541764390208

profit: 0.6588541764390208

turbine_x = np.array([901898.43331867, 904411.86410099, 896220.6061061 , 896220.6061061 ,
       902011.37673304, 901600.10704351, 904136.07358013, 904001.54082664,
       903180.80288705, 903213.99789466, 896777.16842605, 901208.82705523,
       901285.84970196, 902713.7969988 , 902680.6695326 , 901444.28983888,
       901518.82716688, 904410.87391245, 904390.72989227, 904160.70821103,
       903768.58075567, 900346.00151026, 901056.52984544, 900957.36808299,
       903046.8760615 , 897015.3335477 , 899486.88319848, 900105.72598471,
       896467.80428718, 897365.19561637, 896220.6061061 , 896494.45175715,
       897908.93583356, 903288.08774844, 903241.6524216 , 902610.99131578,
       896816.20150773, 900404.51664123, 898409.27159342, 898312.59439438,
       897212.03369297, 896615.81457306, 899531.59504686, 899017.97042852,
       898716.11388681, 898971.39802395, 898256.39659367, 897932.14778049,
       897528.75279907, 899343.01091137, 899879.34411508, 899879.75196719,
       904332.88056539, 903354.24162796, 903803.22408952])

turbine_y = np.array([171571.5409239 , 169199.34015745, 164815.30911265, 167595.5556563 ,
       164689.99195235, 167282.45194792, 166587.82370242, 167700.64222075,
       166658.3233577 , 167413.90329559, 163988.4933551 , 169707.89546958,
       170453.90417022, 164703.29099842, 165494.43932876, 168000.78883593,
       168579.53918126, 170066.71161183, 170661.58094199, 171208.05018573,
       168587.11318475, 164406.08861216, 164860.36142276, 165623.62657707,
       169317.56558307, 166835.73796069, 171213.82288259, 171571.6076529 ,
       170816.20236642, 171209.29280934, 165594.83056689, 166273.29842516,
       171571.6076529 , 169968.73501538, 170826.97085763, 171014.39653658,
       168540.81534679, 166735.91483809, 167659.76881354, 168733.95041055,
       169207.58007422, 170241.86385066, 166081.23765792, 166439.04696708,
       169915.39476896, 170532.37762265, 163988.4933551 , 164602.24072914,
       165169.04040852, 164827.69128349, 168230.54072476, 168933.94828816,
       164885.05087447, 164906.6660537 , 165453.39141452])

nturbs = 55
CONVERGED