0.12396524701737985

profit: -0.12396524701737985

turbine_x = np.array([900258.26384895, 899589.23490799, 896220.6061061 , 896297.66082654,
       898685.15096188, 898066.97280389, 903182.09529515, 902796.02719422,
       897595.28293263, 896972.4980818 , 899168.20731612, 898459.11652811,
       900841.53944892, 900387.83436276, 900438.04797027, 899808.83005809,
       896845.48628432, 897347.75574919, 899358.3761473 , 898675.55757232,
       898724.55601098, 899590.09432777, 898902.35388396, 900676.75286714,
       900044.98216911, 903496.20047971, 904174.26964163, 904102.6019008 ,
       903494.31957933, 898080.90254413, 897511.19009218, 897392.32209859])

turbine_y = np.array([171468.54500903, 171571.6076529 , 165741.93581423, 166394.29223982,
       171377.62670621, 171482.97515765, 170152.7491085 , 170890.61314332,
       167664.66635776, 168414.23983131, 167859.91794291, 168604.82573349,
       166624.09221309, 167068.66997615, 169828.95214214, 170369.39865844,
       169447.87469238, 170171.55517383, 166196.44199437, 166908.79375566,
       169698.87857139, 164492.84109842, 164945.35444833, 168110.38479437,
       168131.24202911, 164948.83724631, 165008.8199266 , 165684.67369303,
       165685.37076532, 163988.4933551 , 164150.27548908, 164957.32151359])

nturbs = 32
CONVERGED