-0.7375834206628986

profit: 0.7375834206628986

turbine_x = np.array([900695.05427316, 904408.18968008, 896244.57592951, 896220.6061061 ,
       903878.34793549, 903862.90313603, 900848.69401947, 902212.69406372,
       902466.33019591, 896220.6061061 , 901642.87443318, 904393.53746001,
       904412.2622969 , 904243.3781421 , 896220.6061061 , 896345.62697061,
       896220.6061061 , 901568.02614461, 903795.31970594, 904173.19836389,
       896909.55740727, 896321.81942633, 904412.2622969 , 904257.66218813,
       901040.0554685 , 896220.6061061 , 896328.35771448, 902812.70379709,
       902764.53913789, 897309.11970409, 902236.03675876, 901721.29458589,
       901227.2321335 , 900217.50190432, 902405.84816645, 902877.44424398,
       896392.96218487, 896813.0882627 , 897981.1864262 , 898935.19012495,
       903070.30445824, 898310.38913035, 897823.14197707, 897961.68165943,
       897614.21735983, 899349.94289183, 898804.4555009 , 899319.42003964,
       900972.84447096, 900064.97755316, 898139.86622252, 899140.61672145,
       899339.77214956, 898920.06720295, 900086.86656609, 900424.94205448,
       904412.2622969 , 904307.78008083])

turbine_y = np.array([163988.4933551 , 164431.70410532, 171571.6076529 , 168464.52486639,
       163988.4933551 , 169971.36693904, 171571.6076529 , 164153.05672175,
       171571.6076529 , 169490.96406911, 171407.53135378, 168232.01475182,
       168887.08083271, 169512.59500577, 167195.99575848, 167861.37010772,
       164676.24716263, 165831.91320039, 166857.13299171, 167371.49561738,
       163988.4933551 , 164100.04705645, 170589.80436427, 171352.72833176,
       169995.10478925, 165569.64285101, 166566.3286477 , 164644.25502354,
       165962.82915176, 165829.72780808, 169696.30872237, 168053.12578165,
       168521.2763174 , 164374.8035447 , 167070.20403623, 169258.74336412,
       170786.67479539, 171244.63123893, 170981.60587739, 171571.6076529 ,
       171027.17998977, 164855.23361504, 165181.06658346, 167592.3617126 ,
       170275.17215283, 165866.01337494, 167194.75620408, 168880.36070747,
       166950.26891234, 167058.68137236, 169268.21958524, 170254.75702421,
       164132.75055519, 164604.78372581, 170677.67096424, 168753.19945011,
       165037.86885979, 165704.046772  ])

nturbs = 58
CONVERGED