0.2965192879054807

profit: -0.2965192879054807

turbine_x = np.array([896220.6061061 , 902768.9098488 , 904412.2622969 , 900916.85500581,
       904412.2622969 , 896220.6061061 , 896653.6175746 , 902074.80114017,
       903874.3473043 , 903926.99609715, 896480.13911333, 901558.73162923,
       904412.2622969 , 902734.60011773, 898047.49377548, 900212.52179459,
       902374.35242405, 896220.6061061 , 896410.81805136, 898253.53124208,
       903393.12947904, 896878.13068971, 896676.19005079, 897529.98628033,
       898345.60708415, 897875.66966236, 899388.01272881, 900065.14125453,
       900227.0919795 , 900396.92736227, 899238.56921922, 900312.53172852,
       904412.2622969 , 904279.58977217])

turbine_y = np.array([168990.85531312, 171571.6076529 , 168643.16656176, 171571.6076529 ,
       169543.1007305 , 167264.13330376, 165027.68105231, 164628.05970983,
       166781.83881349, 167673.19218761, 163988.4933551 , 166625.71644027,
       170700.79294728, 165255.37075655, 165950.5616327 , 164946.29654167,
       168501.97445888, 166376.79660886, 170756.16065793, 171571.6076529 ,
       170156.45358449, 168202.37235195, 169745.8329409 , 170401.34237024,
       163988.4933551 , 164801.80668322, 167818.46548138, 166903.91634718,
       169590.49139306, 170800.02219592, 165172.60903837, 168603.87690836,
       164858.76965162, 165960.86288567])

nturbs = 34
CONVERGED