-0.6223067769305445

profit: 0.6223067769305445

turbine_x = np.array([904233.80105046, 902703.54429887, 904244.68037473, 901173.28754728,
       901943.85558521, 900413.59883363, 901954.73490948, 903495.87098534,
       904266.43902327, 898112.77404411, 899653.91011997, 904277.31834754,
       896582.51729253, 898123.65336838, 901205.9255201 , 901976.49355803,
       896593.3966168 , 898905.10073058, 901216.80484437, 903528.50895815,
       896604.27594107, 899686.54809278, 901227.68416864, 902768.8202445 ,
       904309.95632035, 897385.72330327, 898926.85937912, 903550.26760669,
       904320.83564462, 897396.60262754, 900478.87477925, 902790.57889304,
       903561.14693097, 896636.91391388, 899719.18606559, 900489.75410352,
       901260.32214145, 896647.79323815, 897418.36127608, 900500.63342779,
       897429.24060035, 898970.37667621, 896669.55188669, 897440.11992462])

turbine_y = np.array([163997.8189244 , 164003.676154  , 164880.83834624, 164009.53338359,
       164448.11447972, 164453.97170931, 165331.13390156, 166208.2960938 ,
       166646.87718993, 164021.24784279, 164898.41003503, 167529.89661177,
       164027.10507239, 164904.26726463, 166658.59164912, 167097.17274524,
       164910.12449423, 166225.8677826 , 167541.61107096, 168857.35435933,
       165793.14391607, 167547.46830056, 168424.6304928 , 169301.79268505,
       170178.95487729, 167114.74443403, 167991.90662628, 170623.39320301,
       171061.97429913, 167997.76385588, 169752.08824037, 171067.83152873,
       171506.41262485, 168442.2021816 , 170196.52656608, 170635.10766221,
       171073.68875833, 169325.22160344, 169763.80269956, 171518.12708405,
       170646.8221214 , 171523.98431365, 171091.26044712, 171529.84154324])

nturbs = 44
CONVERGED