361.4245199027143

AEP: 361.4245199027143

turbine_x = np.array([900258.26384895, 899589.23490799, 896220.6061061 , 896332.88008051,
       898726.60020428, 898056.04157938, 903182.09529515, 902796.02719422,
       897073.42584793, 896972.4980818 , 897562.8083349 , 898528.09215784,
       899168.20731612, 898459.11652811, 899065.33279826, 900245.11702876,
       900847.14951245, 900759.12015884, 899813.18037389, 900438.04797027,
       899731.0581153 , 900363.83500647, 896857.38534907, 897448.05229768,
       896769.73860956, 897347.75574919, 898771.91031868, 899358.3761473 ,
       899258.97181145, 898675.55757232, 898431.38144406, 898919.75687151,
       898294.37426474, 898838.66389517, 899015.33701355, 899598.24916638,
       898915.25251641, 899496.93241107, 900031.67897435, 900676.75286714,
       899964.36959058, 900578.90100412, 903496.20047971, 904174.26964163,
       903452.90437749, 904100.27452816, 898080.90254413, 897511.19009218,
       897394.18683963, 898005.60129271])

turbine_y = np.array([171468.54500903, 171571.6076529 , 165741.93581423, 166389.81979671,
       171255.14436792, 171571.6076529 , 170152.7491085 , 170890.61314332,
       167623.4354309 , 168414.23983131, 168386.57953861, 167867.41834509,
       167859.91794291, 168604.82573349, 168681.60536139, 166353.23084264,
       166429.5025107 , 167167.42864239, 169726.46444385, 169828.95214214,
       170438.72974965, 170574.33417012, 169349.44559863, 169359.65197253,
       170074.45965011, 170171.55517383, 166164.36923449, 166196.44199437,
       166844.66433284, 166908.79375566, 169483.82762794, 169803.19040122,
       170090.19331485, 170386.30347137, 164369.52130865, 164493.42102061,
       165204.70882845, 165280.60266008, 168036.50638185, 168110.38479437,
       168797.82871975, 168875.78781369, 164948.83724631, 165008.8199266 ,
       165672.72245648, 165703.36990209, 163988.4933551 , 164150.27548908,
       165004.70187886, 165053.59057017])

nturbs = 50
turbs_per_zone = [2 2 2 2 3 4 3 4 4 4 4 4 4 4 4]
zone 15/15
CONVERGED