1116.4076473415203

AEP: 1116.4076473415203

turbine_x = np.array([903348.49739654, 904368.8464735 , 903198.88456899, 904255.37835022,
       899882.26912684, 900879.34698481, 899737.56892004, 900743.7086781 ,
       898818.858301  , 899779.97215008, 898730.59518318, 899515.94130292,
       900519.88598873, 897369.4206936 , 897192.14110918, 898231.76505542,
       898020.59021365, 899393.62114478, 898476.84417106, 896697.05428793,
       896579.58161163, 898308.3196288 , 901081.71378938, 896912.36332361,
       897299.12596355, 903380.79723246, 903240.18421255, 897875.19344347,
       896220.6061061 , 896220.6061061 , 899897.61379429, 903160.12926053,
       902404.45825573, 902440.46900477, 902248.81113304, 900433.60840682,
       901294.84082851, 897677.92557322, 902034.51127632, 904412.2622969 ,
       904350.82415855, 901368.51005964, 896220.6061061 , 904054.50446057,
       901948.58371799, 904412.2622969 ])

turbine_y = np.array([164743.65517884, 164856.58742999, 165875.25049294, 165910.47830912,
       167791.42310152, 167938.1772594 , 168914.62837737, 169002.04183785,
       164177.26539017, 164492.37623667, 165324.5517851 , 170613.58078181,
       170767.71864481, 163988.99831013, 165114.70819948, 169429.90536547,
       170456.90512532, 166098.60635239, 166871.31594897, 169180.06958995,
       170271.16677807, 168197.92367921, 166194.68904383, 167394.44352738,
       168357.66666369, 170011.60813286, 171098.05476885, 171571.6076529 ,
       165561.07696562, 166570.90959284, 171571.6076529 , 168647.52315993,
       166512.58216219, 167547.21620325, 169259.89777388, 165380.96469353,
       164538.15982197, 166024.75407328, 170940.73736243, 170185.15163469,
       171257.95382287, 170051.7860407 , 163988.4933551 , 167457.50461559,
       165436.64331176, 169093.06642624])

nturbs = 46
turbs_per_zone = [4 4 3 2 2 2 2 2 1 1 2 2 1 0 2 1 1 0 2 1 1 1 0 1 0 1 2 0 1 1 0 0 0 1 0 1 0
 0 0 0 1 0]
zone 42/42
CONVERGED