-0.9597750602338762

profit: 0.9597750602338762

turbine_x = np.array([896243.89175938, 897137.30922539, 898932.90541935, 896261.41428327,
       897154.83174928, 898048.24921529, 900728.50161332, 899843.84540925,
       900737.26287526, 901630.68034127, 897172.35427316, 903426.27653523,
       904319.69400124, 896287.69806909, 899861.36793313, 901648.20286515,
       904328.45526318, 896296.45933104, 898976.71172907, 900763.54666109,
       903443.79905911, 896305.22059298, 897198.63805899, 900772.30792303,
       903452.56032106, 898994.23425295, 899887.65171896, 903461.321583  ,
       899896.4129809 , 902576.66537893, 904363.50031095, 901692.00917487,
       902585.42664088, 904372.26157289, 903487.60536883, 904381.02283484])

turbine_y = np.array([164568.96544895, 164060.4626403 , 164043.60335515, 166569.25811322,
       166060.75530458, 165552.25249593, 164026.74407   , 165535.39321079,
       165026.89040214, 164518.3875935 , 168061.04796885, 164501.52830835,
       163993.02549971, 169569.69710963, 167535.68587506, 166518.68025777,
       164993.17183184, 170569.84344177, 169044.33501584, 168027.32939856,
       166501.82097263, 171569.98977391, 171061.48696527, 169027.47573069,
       167501.96730476, 171044.62768012, 170536.12487147, 168502.1136369 ,
       171536.27120361, 170010.76277768, 168993.7571604 , 171519.41191846,
       171010.90910982, 169993.90349253, 171502.55263331, 170994.04982467])

nturbs = 36
CONVERGED