27.548836540376247

COE: 27.548836540376247

turbine_x = np.array([896474.76895999, 904411.06761061, 902016.92188548, 901954.47974131,
       902653.95570146, 899152.71223996, 900452.86836225, 896917.13197624,
       896899.17608203, 904136.31247429, 898225.08521842, 896221.62803125,
       899477.58398626, 904345.18626614, 901222.66384163, 896411.05054809,
       902355.21581377, 903900.09720371, 898835.4883204 , 899250.18213387,
       896836.87014814, 896500.40815096, 904270.59280101, 904017.40021023])

turbine_y = np.array([166109.56793428, 169512.35240035, 170915.19309115, 169795.85820782,
       164705.77201995, 168771.03997249, 171321.29672128, 168587.73389421,
       167516.98372693, 166890.95168817, 171400.30003757, 163988.97271181,
       166859.52806023, 171264.97443399, 165217.35572437, 171017.83983533,
       168410.11006767, 168533.48021655, 164178.74434672, 165193.13388683,
       169769.97796372, 164951.05677186, 165775.1772186 , 164803.98117737])

nturbs = 24
