47.01674860056317

COE: 47.01674860056317

turbine_x = np.array([896498.30468426, 896262.36658728, 897761.54320474, 897525.60510776,
       897289.66701078, 897053.72891381, 896817.79081683, 896581.85271985,
       899024.78172521, 898788.84362824, 898552.90553126, 898316.96743428,
       898081.0293373 , 897845.09124033, 900288.02024569, 900052.08214871,
       899816.14405174, 899580.20595476, 899344.26785778, 899108.3297608 ,
       901787.19686314, 901551.25876617, 901315.32066919, 901079.38257221,
       900843.44447523, 900607.50637826, 903050.43538362, 902814.49728664,
       902578.55918967, 902342.62109269, 902106.68299571, 901870.74489873,
       904313.6739041 , 904077.73580712, 903841.79771014, 903605.85961316,
       903369.92151619, 903133.98341921, 904397.22193969])

turbine_y = np.array([171511.54565722, 170204.8756672 , 171185.54170279, 169878.87171277,
       168572.20172274, 167265.53173271, 165958.86174269, 164652.19175266,
       170859.53774836, 169552.86775833, 168246.19776831, 166939.52777828,
       165632.85778826, 164326.18779823, 170533.53379393, 169226.8638039 ,
       167920.19381388, 166613.52382385, 165306.85383383, 164000.1838438 ,
       171514.19982952, 170207.5298395 , 168900.85984947, 167594.18985945,
       166287.51986942, 164980.84987939, 171188.19587509, 169881.52588507,
       168574.85589504, 167268.18590501, 165961.51591499, 164654.84592496,
       170862.19192066, 169555.52193063, 168248.85194061, 166942.18195058,
       165635.51196056, 164328.84197053, 164002.8380161 ])

nturbs = 39
zone 1/1
