46.94224268606987

COE: 46.94224268606987

turbine_x = np.array([904397.10769618, 902786.67216069, 904382.29456256, 902771.85902707,
       901161.42349159, 899550.98795611, 897940.55242062, 896330.11688514,
       904367.48142893, 902757.04589345, 901146.61035797, 899536.17482248,
       897925.739287  , 896315.30375152, 904352.66829531, 902742.23275983,
       901131.79722435, 899521.36168886, 897910.92615338, 896300.4906179 ,
       904337.85516169, 902727.41962621, 901116.98409073, 899506.54855524,
       897896.11301976, 896285.67748428, 904323.04202807, 902712.60649259,
       901102.1709571 , 899491.73542162, 897881.29988614, 896270.86435065,
       904308.22889445, 902697.79335897, 901087.35782348, 899476.922288  ,
       897866.48675252, 896256.05121703, 897851.6736189 , 896241.23808341])

turbine_y = np.array([171234.7199446 , 171535.76251963, 170032.41322403, 170333.45579906,
       170634.4983741 , 170935.54094914, 171236.58352417, 171537.62609921,
       168830.10650346, 169131.1490785 , 169432.19165353, 169733.23422857,
       170034.2768036 , 170335.31937864, 167627.79978289, 167928.84235793,
       168229.88493296, 168530.927508  , 168831.97008303, 169133.01265807,
       166425.49306232, 166726.53563736, 167027.57821239, 167328.62078743,
       167629.66336246, 167930.7059375 , 165223.18634175, 165524.22891679,
       165825.27149182, 166126.31406686, 166427.3566419 , 166728.39921693,
       164020.87962118, 164321.92219622, 164622.96477126, 164924.00734629,
       165225.04992133, 165526.09249636, 164022.74320076, 164323.78577579])

nturbs = 40
zone 1/1
