47.045448584756436

COE: 47.045448584756436

turbine_x = np.array([896229.21198223, 897569.76158797, 896245.66574076, 897586.2153465 ,
       898926.76495224, 900267.31455798, 896262.11949928, 897602.66910502,
       898943.21871076, 900283.7683165 , 901624.31792224, 902964.86752798,
       896278.57325781, 897619.12286355, 898959.67246929, 900300.22207503,
       901640.77168077, 902981.32128651, 904321.87089225, 896295.02701633,
       897635.57662207, 898976.12622781, 900316.67583355, 901657.22543929,
       902997.77504503, 904338.32465077, 896311.48077486, 897652.0303806 ,
       898992.57998634, 900333.12959208, 901673.67919782, 903014.22880356,
       904354.7784093 , 899009.03374486, 900349.5833506 , 901690.13295634,
       903030.68256208, 904371.23216782, 901706.58671487, 903047.13632061,
       904387.68592635, 904404.13968488])

turbine_y = np.array([164683.60461274, 164046.7275061 , 166019.07251306, 165382.19540641,
       164745.31829977, 164108.44119312, 167354.54041337, 166717.66330672,
       166080.78620008, 165443.90909343, 164807.03198679, 164170.15488014,
       168690.00831368, 168053.13120703, 167416.25410039, 166779.37699374,
       166142.4998871 , 165505.62278045, 164868.74567381, 170025.47621399,
       169388.59910734, 168751.7220007 , 168114.84489405, 167477.96778741,
       166841.09068076, 166204.21357412, 171360.9441143 , 170724.06700766,
       170087.18990101, 169450.31279437, 168813.43568772, 168176.55858107,
       167539.68147443, 171422.65780132, 170785.78069468, 170148.90358803,
       169512.02648139, 168875.14937474, 171484.37148834, 170847.4943817 ,
       170210.61727505, 171546.08517536])

nturbs = 42
zone 1/1
