-0.06909613345101476

profit: 0.06909613345101476

turbine_x = np.array([900956.85296442, 904283.99539797, 904402.06690802, 904391.91418393,
       903753.60723058, 896221.07270778, 896229.26199076, 896342.84366932,
       903854.66469277, 902626.65738825, 900401.35022253, 900474.83453449,
       899150.07845206, 898750.98257545, 898436.17562114, 901917.86198736,
       896623.28321072, 896481.41217596, 901467.43238371, 896678.95304715,
       896896.98328721, 896383.89473964, 903965.45256504, 896221.0154942 ,
       904227.74552179, 904396.15881255, 902261.8879701 , 901773.85265389,
       902039.89751388, 902238.91479575, 898583.09746215, 898692.38793148,
       903988.20636043, 896507.62823729, 896266.14292809, 902646.86442227,
       900718.15542595, 900649.57530567, 899061.79682885, 898092.31891366,
       898789.21683594, 902536.33340043, 904101.8159678 , 904410.73577456,
       900194.5062119 , 900485.96739519])

turbine_y = np.array([170802.24417444, 169546.86472794, 168955.65866159, 168280.62019335,
       170400.23879563, 168923.32791207, 167199.83379402, 167947.05004384,
       166417.6112939 , 164166.05957965, 165028.81041598, 164285.64497244,
       165943.34687905, 167197.88050349, 167835.62009023, 166484.38530871,
       169742.55483214, 170337.52516965, 164067.85902965, 164560.57866056,
       163989.92293223, 171222.00162022, 164371.85535063, 164975.95990916,
       171348.29587707, 170182.67289217, 169927.23016155, 170433.15403797,
       168104.12862223, 168690.02106571, 170328.46396973, 169551.92555495,
       167528.86280616, 165939.63854278, 166482.72756415, 165690.94181713,
       166122.13937919, 167237.72650062, 164299.77383732, 171570.8643633 ,
       171551.41571998, 171571.48355536, 164944.90625163, 165449.59989712,
       168969.80359332, 171292.01779288])

nturbs = 46
CONVERGED