-0.8388546643628207

profit: 0.8388546643628207

turbine_x = np.array([900022.3164947 , 899170.11503569, 900585.89742144, 897196.82423878,
       900418.99889212, 898688.51055019, 896974.88484565, 898698.03659161,
       903703.97136158, 898242.40533685, 897729.31778614, 899172.4926451 ])

turbine_y = np.array([170299.7703183 , 166402.47973117, 166891.52979222, 168071.57509183,
       168670.44926832, 168099.58248087, 169915.67538677, 169896.02192432,
       165125.78259679, 171571.51693156, 164045.83365056, 164618.42251619])

nturbs = 12
CONVERGED