-1.8535877434734533

profit: 1.8535877434734533

turbine_x = np.array([900505.03380217, 900393.54281127, 898060.95954993, 898717.21805827,
       900222.58525804, 899788.43102846, 902813.15248992, 903179.62897577,
       898867.92187126, 898519.18559843, 898804.67835402, 898747.07925467,
       898286.71161073, 904181.62275482, 903798.30163916, 897699.11079583,
       898022.44113159, 897399.27238994, 897094.92737313, 897066.0270991 ,
       899372.0108651 , 898665.38508496, 896771.09149251, 897039.9708142 ,
       900462.84356149, 900253.49450342, 900843.4421907 , 896231.35828462,
       896328.43424566, 900247.95683329, 899626.98919085, 899397.43524995,
       899078.32611674])

turbine_y = np.array([168867.50351111, 168050.83076175, 171571.48892072, 171253.90452116,
       169853.08382897, 170458.41529665, 170892.60368058, 170171.54789114,
       167880.44252215, 168572.01842585, 170321.2130976 , 169531.14917811,
       170055.28318666, 165043.99619099, 165801.70700567, 164392.01399244,
       164879.96842891, 165000.43633527, 168423.43290316, 167635.97987907,
       166259.54005315, 166839.54767757, 170074.16039862, 169411.55857645,
       167015.38007966, 166367.55775029, 166504.39601811, 166389.03795296,
       165756.79563299, 171549.32154183, 171571.4546344 , 165262.88394538,
       164378.32425209])

nturbs = 33
CONVERGED