-1.3923364278013968

profit: 1.3923364278013968

turbine_x = np.array([896474.76895999, 904411.06761061, 899891.22346496, 900656.52877193,
       902016.92188548, 901954.47974131, 898244.78815723, 898423.22221444,
       902678.16044182, 902653.95570146, 897390.45008796, 899152.71223996,
       899410.82287589, 900452.86836225, 896917.13197624, 896899.17608203,
       902282.59122179, 900104.32624381, 900946.86079373, 904136.31247429,
       898225.08521842, 900317.71765312, 896221.62803125, 899477.58398626,
       904345.18626614, 901222.66384163, 899754.07581094, 903291.203271  ,
       896411.05054809, 903251.90606212, 897709.8756362 , 902355.21581377,
       903900.09720371, 898835.4883204 , 899250.18213387, 901107.48355034,
       896836.87014814, 897384.01963878, 896500.40815096, 904270.59280101,
       904017.40021023])

turbine_y = np.array([166109.56793428, 169512.35240035, 167831.13154899, 169067.14205885,
       170915.19309115, 169795.85820782, 169287.61736689, 170371.12445385,
       165870.92306212, 164705.77201995, 165707.45876242, 168771.03997249,
       171562.85559743, 171321.29672128, 168587.73389421, 167516.98372693,
       166951.6571755 , 166079.51987423, 167183.78873492, 166890.95168817,
       171400.30003757, 164363.20979167, 163988.97271181, 166859.52806023,
       171264.97443399, 165217.35572437, 170378.97994862, 169917.4573436 ,
       171017.83983533, 167635.02768755, 166837.26868957, 168410.11006767,
       168533.48021655, 164178.74434672, 165193.13388683, 170467.42431632,
       169769.97796372, 164344.92827327, 164951.05677186, 165775.1772186 ,
       164803.98117737])

nturbs = 41
CONVERGED