-0.6496666100261174

profit: 0.6496666100261174

turbine_x = np.array([901426.50679077, 901357.90763822, 903345.79782963, 898291.68542587,
       898551.00932399, 899312.35819487, 904412.25244405, 896422.67535797,
       896270.74561848, 896363.65403963, 902012.41111494, 904108.60525387,
       901939.15676452, 902983.16745736, 904000.97519118, 903758.17695252,
       898802.20310282, 897988.57282599, 897032.62251471, 896468.96914006,
       900364.549386  , 900354.12510593, 899057.24330193, 902145.70540032,
       899212.13438206, 898847.75999787, 901149.25528071, 897000.23000319,
       904008.69238614, 903577.82553395, 904239.48692479, 900382.65706238,
       899655.90997621, 896220.92431778, 896686.37261968, 903005.98193563,
       899739.51861498, 899884.10139589, 896711.48256461, 896725.40961769,
       897334.53740938, 901154.95620554, 901795.79413767, 901900.73268145,
       897641.85532229, 898117.1955407 , 904408.60457509, 904284.96124663,
       904161.31791817, 900506.23691556, 898785.69652161, 899712.5948686 ,
       902653.28330562, 902675.11010036])

turbine_y = np.array([168004.80882872, 169117.02511685, 166475.93065321, 168685.70049005,
       167827.55987762, 167738.04269606, 169219.57963555, 166573.27736556,
       165601.30426543, 164890.75495959, 164690.22786853, 166842.37468061,
       169999.11955444, 168410.75821588, 167702.93461331, 168326.56960752,
       171569.56273766, 171086.27909705, 171168.82308067, 170819.82368668,
       165467.84846623, 164419.28719116, 169755.57878623, 168559.41504036,
       166931.56652591, 166176.63548151, 164692.18166954, 168390.31889327,
       165806.91013594, 164788.94696982, 165188.6547823 , 171490.45840152,
       171571.37179373, 167328.54379232, 163988.54787016, 170756.04494029,
       169689.43595054, 170550.71235116, 169987.33637333, 169233.79198981,
       170234.73613075, 170455.76541264, 166390.37332437, 171571.60711185,
       165159.12969999, 164016.53694708, 170072.69358831, 170640.37711901,
       171208.06064971, 166725.64586048, 165101.11615754, 164465.20722339,
       165794.76881047, 164923.05020297])

nturbs = 54
CONVERGED