-2.023459712064959

profit: 2.023459712064959

turbine_x = np.array([900369.96410378, 899385.95658586, 897103.48027604, 901985.88612962,
       899829.50897724, 899300.49353562, 898833.94484284, 901998.24371632,
       898945.97184659, 896221.2648834 , 896291.79675359, 896220.61145689,
       902391.3176915 , 902455.40286552, 901325.98704176, 900944.22898142,
       897873.56999121, 902021.84687656, 904296.96021963, 903390.5936136 ,
       904176.78245221, 903270.41584618, 896967.20908916, 903974.97233751,
       899560.47951875, 900023.15169695, 900552.00808803, 897684.51275652,
       903411.27276415, 903203.11788077, 902718.62389113, 901558.882983  ,
       899099.53968475, 898507.68653762, 896281.49060961, 901412.83279738,
       897512.17675037, 896578.34755261, 904412.22476315, 897906.76486727,
       897896.28492003, 900877.71991045, 900550.00903711, 896522.43091152,
       896735.51502696, 902814.99681866, 900159.42242869, 904203.64590735,
       904376.4430899 , 898258.79920985, 904097.71196478])

turbine_y = np.array([171269.19283085, 171524.11559064, 165639.26875373, 165411.34922495,
       164315.72249059, 165181.98888281, 164167.91352809, 171462.88900867,
       167150.86334393, 167878.34696609, 164760.25064713, 169065.41796397,
       166353.22689674, 167604.38836364, 164516.56074755, 165563.97716864,
       171338.14972412, 169135.55095823, 164815.2472036 , 164943.60481626,
       165696.60370238, 165824.96131504, 166893.92488015, 168363.75068381,
       170412.29517436, 169537.80829086, 170393.9696831 , 168718.26137222,
       166792.9123288 , 171058.76306752, 169899.03616496, 168034.12974773,
       168896.19603914, 168037.87905867, 165940.17337523, 169937.91264168,
       170418.49929857, 170146.57293443, 169226.61761588, 164367.40695377,
       165243.26880118, 167316.75879856, 166500.82631469, 171019.80287399,
       163988.68233844, 168675.20716809, 168672.63935114, 170366.10242069,
       171245.06689408, 169429.13413747, 167431.54336092])

nturbs = 51
CONVERGED