46.896839891729385

COE: 46.896839891729385

turbine_x = np.array([901914.28743763, 904412.2622969 , 896220.6061061 , 896220.6061061 ,
       902011.37673304, 901912.22903662, 904136.07358013, 904001.54082664,
       896678.44751705, 901186.28803003, 904410.87391245, 904390.72989227,
       904160.70821103, 900346.00151026, 902218.50466334, 903179.95733995,
       902324.59548389, 900105.72598471, 896435.97045847, 896220.6061061 ,
       896220.6061061 , 897908.93583356, 902970.66399334, 902610.99131578,
       896816.20150773, 900619.09896812, 900398.40283479, 898342.71124738,
       896703.85520887, 897108.74074295, 899017.97042852, 899020.57804408,
       898610.31912701, 898144.22872162, 899870.90078752, 897617.63595671,
       897957.28853486, 899650.569386  , 900698.17614833, 904348.31496139,
       903308.92248242, 904229.50318832])

turbine_y = np.array([171571.6076529 , 169195.80940726, 164815.30911265, 167595.5556563 ,
       164689.99195235, 165465.77929453, 166587.82370242, 167700.64222075,
       164351.13833732, 169886.10468464, 170066.71161183, 170661.58094199,
       171208.05018573, 164406.08861216, 169232.34141079, 168180.83772533,
       166967.65798034, 171571.6076529 , 171097.34225535, 165594.83056689,
       166282.38126966, 171571.6076529 , 170511.78198785, 171014.39653658,
       168540.81534679, 166630.54217233, 167214.91938585, 168153.65316175,
       169411.31771326, 169844.54948507, 166439.04696708, 167102.57091852,
       169358.94156258, 170354.12084403, 170633.4051842 , 163988.4933551 ,
       165203.53523178, 164888.61161994, 169003.35719814, 164892.71285836,
       165393.82058348, 165847.14950801])

nturbs = 42
