36.202689136054715

COE: 36.202689136054715

turbine_x = np.array([896223.62617187, 902768.9098488 , 904412.2622969 , 900916.85500581,
       904412.2622969 , 896220.6061061 , 896220.6061061 , 904204.46283831,
       904096.30763755, 903123.85550757, 896725.65192847, 901561.01191133,
       904287.34117472, 904376.64963981, 902734.60011773, 901047.88030949,
       900231.69890536, 902394.92468906, 902273.46988937, 896220.6061061 ,
       897333.70957992, 898253.53124208, 903307.76798064, 896878.13068971,
       896536.89155335, 898032.31546963, 898207.94667688, 898302.01357056,
       900073.86228741, 898729.83811781, 898078.85654408, 900394.35278897,
       900093.9967887 , 900766.92875505, 903482.02134682, 903952.41903521])

turbine_y = np.array([169016.18852251, 171571.6076529 , 168643.16656176, 171571.6076529 ,
       169543.1007305 , 167264.13330376, 164748.87415513, 166533.03903645,
       167429.72014494, 167310.68001575, 163988.4933551 , 166417.34344663,
       170414.12911309, 171295.00497087, 165255.37075655, 164432.98902595,
       164796.68348603, 168343.79027351, 169306.36949523, 165667.6526906 ,
       171273.9333194 , 171571.6076529 , 170812.90654355, 168374.87407059,
       170252.88623497, 163988.4933551 , 165125.2087555 , 167973.19372996,
       166033.08218186, 166889.15368944, 169703.51101744, 169852.83607724,
       170760.0279202 , 168087.58181444, 164739.6435558 , 165693.14112849])

nturbs = 36
run time: 38265.21399998665
function calls: 147140
FINISHED