46.787352239416066

COE: 46.787352239416066

turbine_x = np.array([896244.57592951, 903967.33366239, 901293.20941529, 903850.59846428,
       902211.89044023, 902871.25644487, 896220.6061061 , 901617.76284504,
       904411.98577667, 904412.2622969 , 896220.6061061 , 896220.6061061 ,
       904044.76279389, 904138.73563416, 896814.85806718, 904412.2622969 ,
       901407.34430201, 899701.12326072, 896624.87419138, 896220.6061061 ,
       897634.08162066, 902262.31514243, 901340.92523425, 900851.10811268,
       903779.6506241 , 902483.74853533, 902613.61501663, 897116.88106442,
       897442.00791211, 898022.2105155 , 896772.05621001, 896465.33980471,
       899523.70150091, 899249.83810144, 900972.84447096, 898934.91947776,
       899082.85518215, 899574.25099052, 899132.47427685, 900659.43301771,
       903877.65848655, 904412.2622969 , 904307.78008083])

turbine_y = np.array([171571.6076529 , 163988.4933551 , 164004.31845653, 170067.45113206,
       164113.64498842, 171571.6076529 , 169490.96406911, 171571.6076529 ,
       168214.7080727 , 168999.49453621, 167844.23908166, 164676.24716263,
       166442.33562146, 167659.95926383, 163988.4933551 , 171372.23930225,
       170544.89086527, 171102.00665416, 166105.67788464, 166566.3286477 ,
       165639.28985762, 169880.12414261, 168256.62947974, 165420.42305637,
       169454.70225277, 168002.89733768, 166359.63620717, 170759.38262698,
       171355.66351391, 165181.06658346, 168667.74364698, 170281.0872468 ,
       167294.7819463 , 168239.4631772 , 166950.26891234, 169923.88406022,
       170690.49326948, 164273.12469857, 164715.33673489, 169490.6193326 ,
       164683.64554683, 165037.86885979, 165817.30068551])

nturbs = 43
