27.27560443435056

COE: 27.27560443435056

turbine_x = np.array([901957.48391008, 904412.2622969 , 896220.6061061 , 896220.6061061 ,
       901871.95619648, 904172.01146482, 904030.88628599, 903135.53542273,
       904412.2622969 , 904350.82415855, 902096.24083076, 901248.61603736,
       898048.29803244, 901044.94593954, 900192.55590715, 903160.12926053,
       900426.9292476 , 896220.6061061 , 896397.44775303, 898388.83491183,
       903240.18421255, 896776.26911591, 900035.99905341, 900708.76113516,
       898587.29629025, 898264.41595156, 896627.8632021 , 898622.80659131,
       898302.2044307 , 897310.6325846 , 899414.88677237, 900313.20109668,
       903348.49739654, 904368.8464735 ])

turbine_y = np.array([171551.02476042, 169093.06642624, 167294.60131182, 164780.54387385,
       165671.19911797, 166559.03489756, 167737.41103485, 166431.11747909,
       170185.15163469, 171257.95382287, 170459.42200751, 169145.63376767,
       166136.11220315, 164689.84708036, 165424.13132629, 168647.52315993,
       171567.54037257, 166224.43644592, 171126.28278128, 171571.6076529 ,
       171098.05476885, 168521.97352667, 166578.19780157, 167354.19936008,
       167695.83174559, 168710.38079782, 169752.41842738, 170537.62533946,
       163988.4933551 , 164160.7920857 , 164241.53128864, 168597.14291375,
       164743.65517884, 164856.58742999])

nturbs = 34
run time: 24316.594606876373
function calls: 99360
FINISHED