46.53982213244204

COE: 46.53982213244204

turbine_x = np.array([900695.05427316, 904408.18968008, 896244.57592951, 896220.6061061 ,
       903878.34793549, 900848.69401947, 902212.69406372, 902466.33019591,
       896220.6061061 , 904393.53746001, 904243.3781421 , 896220.6061061 ,
       896345.62697061, 904173.19836389, 896321.81942633, 904412.2622969 ,
       904257.66218813, 901040.0554685 , 896220.6061061 , 896328.35771448,
       902812.70379709, 902764.53913789, 902236.03675876, 901721.29458589,
       902405.84816645, 896392.96218487, 897981.1864262 , 898935.19012495,
       903070.30445824, 897823.14197707, 897961.68165943, 899349.94289183,
       899319.42003964, 900064.97755316, 898139.86622252, 899339.77214956,
       898920.06720295, 900086.86656609, 900424.94205448, 904307.78008083])

turbine_y = np.array([163988.4933551 , 164431.70410532, 171571.6076529 , 168464.52486639,
       163988.4933551 , 171571.6076529 , 164153.05672175, 171571.6076529 ,
       169490.96406911, 168232.01475182, 169512.59500577, 167195.99575848,
       167861.37010772, 167371.49561738, 164100.04705645, 170589.80436427,
       171352.72833176, 169995.10478925, 165569.64285101, 166566.3286477 ,
       164644.25502354, 165962.82915176, 169696.30872237, 168053.12578165,
       167070.20403623, 170786.67479539, 170981.60587739, 171571.6076529 ,
       171027.17998977, 165181.06658346, 167592.3617126 , 165866.01337494,
       168880.36070747, 167058.68137236, 169268.21958524, 164132.75055519,
       164604.78372581, 170677.67096424, 168753.19945011, 165704.046772  ])

nturbs = 40
CONVERGED