46.61346747082099

COE: 46.61346747082099

turbine_x = np.array([904364.14073513, 903347.39871299, 902839.02770192, 903855.76972406,
       901822.28567978, 900297.17264657, 904364.14073513, 902330.65669085,
       901313.91466871, 903347.39871299, 898263.68860229, 903855.76972406,
       898772.05961336, 900297.17264657, 896738.57556907, 904364.14073513,
       900805.54365764, 896230.204558  , 902839.02770192, 901822.28567978,
       898263.68860229, 903855.76972406, 899788.8016355 , 896230.204558  ,
       896230.204558  , 904364.14073513, 901313.91466871, 899788.8016355 ,
       903347.39871299, 902839.02770192, 899788.8016355 , 896738.57556907,
       901822.28567978, 901313.91466871, 896738.57556907, 899280.43062443,
       899280.43062443, 896230.204558  , 897755.31759122, 896230.204558  ])

turbine_y = np.array([171062.83585498, 171044.53637561, 171325.6491237 , 170182.89865199,
       171307.34964433, 171570.16291305, 168740.73595282, 169865.18694517,
       170427.41244134, 168722.43647345, 171533.56395432, 167860.79874982,
       170671.92623069, 169248.06301089, 171215.85224749, 166418.63605066,
       168386.42528726, 170916.44002004, 166681.44931937, 167243.67481555,
       169211.46405215, 165538.69884766, 167787.60083235, 169755.39006896,
       169174.86509342, 164096.53614849, 165783.21263701, 166626.55088127,
       164078.23666912, 164359.34941721, 166046.02590573, 167732.70239425,
       164341.04993784, 164622.16268593, 167152.17741871, 164585.56372719,
       164005.03875165, 165691.71524017, 164267.85202037, 164530.66528909])

nturbs = 40
CONVERGED