46.64541974664105

COE: 46.64541974664105

turbine_x = np.array([901898.43331867, 904411.86410099, 896220.6061061 , 896220.6061061 ,
       901600.10704351, 904136.07358013, 903213.99789466, 896777.16842605,
       901208.82705523, 901285.84970196, 902713.7969988 , 902680.6695326 ,
       901518.82716688, 904390.72989227, 904160.70821103, 903768.58075567,
       900346.00151026, 900957.36808299, 903046.8760615 , 899486.88319848,
       900105.72598471, 896467.80428718, 897365.19561637, 896220.6061061 ,
       896494.45175715, 897908.93583356, 903288.08774844, 902610.99131578,
       896816.20150773, 898409.27159342, 897212.03369297, 896615.81457306,
       899531.59504686, 899017.97042852, 898716.11388681, 898256.39659367,
       899343.01091137, 899879.75196719, 904332.88056539, 903803.22408952])

turbine_y = np.array([171571.5409239 , 169199.34015745, 164815.30911265, 167595.5556563 ,
       167282.45194792, 166587.82370242, 167413.90329559, 163988.4933551 ,
       169707.89546958, 170453.90417022, 164703.29099842, 165494.43932876,
       168579.53918126, 170661.58094199, 171208.05018573, 168587.11318475,
       164406.08861216, 165623.62657707, 169317.56558307, 171213.82288259,
       171571.6076529 , 170816.20236642, 171209.29280934, 165594.83056689,
       166273.29842516, 171571.6076529 , 169968.73501538, 171014.39653658,
       168540.81534679, 167659.76881354, 169207.58007422, 170241.86385066,
       166081.23765792, 166439.04696708, 169915.39476896, 163988.4933551 ,
       164827.69128349, 168933.94828816, 164885.05087447, 165453.39141452])

nturbs = 40
CONVERGED