-14.712968880184182

profit: 14.712968880184182

turbine_x = np.array([896223.62617187, 902768.9098488 , 904412.2622969 , 900916.85500581,
       901841.00077311, 904412.2622969 , 896220.6061061 , 896220.6061061 ,
       902074.80114017, 901812.68622515, 904204.46283831, 904096.30763755,
       903248.30240152, 903123.85550757, 896725.65192847, 901561.01191133,
       901432.70912693, 901433.2278695 , 901035.88192908, 904287.34117472,
       904376.64963981, 902734.60011773, 897096.18347121, 897932.47786362,
       902097.04792278, 901249.58607094, 901047.88030949, 900924.05157461,
       900231.69890536, 903602.4558803 , 902394.92468906, 902273.46988937,
       896985.11503212, 897825.5038315 , 899377.84788155, 902404.91858784,
       896220.6061061 , 896363.59056504, 897333.70957992, 898253.53124208,
       902967.9822219 , 903307.76798064, 897160.02129788, 896878.13068971,
       897686.92527776, 897109.63673156, 896536.89155335, 897527.69867331,
       898032.31546963, 897437.87474218, 898207.94667688, 899234.43050263,
       898302.01357056, 898658.31402241, 900073.86228741, 900665.78594016,
       898872.61887848, 898729.83811781, 898078.85654408, 899117.34380201,
       898442.24015966, 900394.35278897, 900093.9967887 , 898952.67182175,
       899238.56921922, 900766.92875505, 899714.76201288, 903482.02134682,
       904391.85805691, 903952.41903521])

turbine_y = np.array([169016.18852251, 171571.6076529 , 168643.16656176, 171571.6076529 ,
       171571.6076529 , 169543.1007305 , 167264.13330376, 164748.87415513,
       164628.05970983, 165468.29301903, 166533.03903645, 167429.72014494,
       166397.04782444, 167310.68001575, 163988.4933551 , 166417.34344663,
       167474.81188684, 169775.41739294, 170572.3017837 , 170414.12911309,
       171295.00497087, 165255.37075655, 165644.01434466, 165958.47186141,
       170657.49359647, 168883.58417029, 164432.98902595, 165384.14776443,
       164796.68348603, 169186.79698743, 168343.79027351, 169306.36949523,
       166543.97327436, 166891.13346582, 171571.6076529 , 166807.21542105,
       165667.6526906 , 171148.71747271, 171273.9333194 , 171571.6076529 ,
       169985.92094722, 170812.90654355, 167515.75428747, 168374.87407059,
       168719.87750787, 169590.10520074, 170252.88623497, 170419.3402095 ,
       163988.4933551 , 164631.37354627, 165125.2087555 , 167657.37931873,
       167973.19372996, 168840.40683758, 166033.08218186, 166733.79645998,
       165921.86304379, 166889.15368944, 169703.51101744, 169910.07705602,
       170543.54678471, 169852.83607724, 170760.0279202 , 164149.61815133,
       164999.65598199, 168087.58181444, 168977.12871738, 164739.6435558 ,
       164829.46057631, 165693.14112849])

nturbs = 70
CONVERGED